   2.939   5.527   5.200   4.919   4.895   4.854   4.466   4.005   4.607   4.349   3.850   4.343   3.820   3.685   3.426   3.360   3.263   3.531   3.396   4.050   4.471   5.095   5.251   5.305   4.949   5.120   5.876   4.900   5.023   4.261   3.942   4.091   3.977   5.012   4.219   3.665   3.340   3.632   3.176   3.303   4.150   4.281   4.052   3.652   5.690   5.381   5.348   3.264   4.854   4.459   3.607   3.949   3.664   3.936   4.666   5.316   4.595   5.322   4.317   4.660   4.317   5.163   5.297   4.376   3.848   4.233   4.160   3.459   3.832   3.747   4.261   4.661   5.082   4.205   5.220   4.888   4.760   4.159   5.081   4.692   5.697   5.643   6.078   5.298   5.569   4.574   4.122   4.538   4.496   4.590   4.586   4.992   4.241   5.350   4.479   4.146   4.880   5.329   4.622   4.891   5.121   4.394   4.210   5.074   5.220   4.596   3.469   3.082   3.328   3.131   3.198   3.120   3.229   3.503   3.323   3.747   4.107   3.891   4.701   5.774   5.890
   5.527   3.186   4.767   5.041   5.087   5.053   4.679   4.256   4.850   4.592   4.089   4.596   4.074   3.944   3.674   3.605   3.511   3.775   3.636   4.270   4.593   4.940   5.044   5.172   4.838   5.039   5.626   4.997   5.165   4.462   4.182   4.329   4.200   5.241   4.456   3.906   3.582   3.878   3.419   3.547   4.398   4.493   4.289   3.888   5.837   5.514   5.463   3.503   5.071   4.704   3.861   4.194   3.886   4.160   4.889   5.525   4.773   5.478   4.491   4.852   4.541   5.315   5.348   4.500   4.076   4.466   4.369   3.693   4.072   3.975   4.484   4.855   5.231   4.399   5.334   4.978   4.930   4.413   5.207   4.504   5.749   5.553   5.982   5.291   5.438   4.756   4.352   4.784   4.717   4.676   4.617   4.950   4.414   5.257   4.696   4.296   5.027   5.335   4.857   5.121   5.348   4.657   4.441   5.207   5.310   4.801   3.715   3.328   3.569   3.377   3.445   3.366   3.473   3.738   3.559   3.995   4.329   4.128   4.914   5.876   6.006
   5.200   4.767   2.736   4.510   4.621   4.608   4.228   3.806   4.402   4.144   3.642   4.146   3.623   3.494   3.225   3.156   3.061   3.325   3.188   3.820   4.140   4.466   4.586   4.701   4.367   4.572   5.193   4.571   4.744   4.020   3.729   3.881   3.759   4.796   4.003   3.459   3.130   3.427   2.968   3.096   3.948   4.043   3.838   3.438   5.386   5.057   5.014   3.051   4.631   4.251   3.411   3.738   3.439   3.708   4.437   5.075   4.326   5.026   4.018   4.383   4.087   4.854   4.880   4.049   3.628   4.017   3.916   3.242   3.619   3.524   4.031   4.400   4.769   3.941   4.881   4.534   4.476   3.962   4.737   4.048   5.281   5.099   5.498   4.861   4.991   4.309   3.881   4.334   4.260   4.206   4.151   4.472   3.953   4.815   4.257   3.850   4.571   4.883   4.396   4.668   4.909   4.211   3.994   4.780   4.883   4.365   3.265   2.878   3.119   2.926   2.995   2.916   3.026   3.317   3.116   3.550   3.947   3.710   4.566   5.517   5.583
   4.919   5.041   4.510   2.059   3.903   3.937   3.577   3.132   3.727   3.471   2.973   3.474   2.951   2.822   2.551   2.482   2.386   2.657   2.525   3.186   3.663   4.355   4.554   4.562   4.207   4.427   5.262   4.027   4.158   3.398   3.065   3.209   3.109   4.139   3.347   2.789   2.461   2.751   2.297   2.424   3.271   3.389   3.176   2.778   4.815   4.500   4.497   2.380   3.990   3.572   2.740   3.065   2.798   3.070   3.799   4.447   3.726   4.459   3.435   3.793   3.458   4.303   4.447   3.523   2.976   3.367   3.300   2.584   2.956   2.867   3.383   3.787   4.221   3.336   4.399   4.050   3.907   3.287   4.337   4.086   5.053   4.971   5.406   4.529   4.819   3.765   3.324   3.725   3.683   3.854   3.814   4.338   3.450   4.637   3.620   3.321   4.062   4.587   3.767   4.017   4.273   3.562   3.361   4.341   4.472   3.759   2.593   2.203   2.450   2.252   2.319   2.240   2.354   2.659   2.450   2.877   3.379   3.063   3.985   5.032   5.101
   4.895   5.087   4.621   3.903   2.001   3.749   3.473   3.069   3.668   3.415   2.913   3.417   2.893   2.764   2.491   2.424   2.327   2.599   2.467   3.136   3.643   4.394   4.574   4.583   4.230   4.452   5.285   3.995   4.075   3.335   2.994   3.150   3.059   4.090   3.294   2.728   2.406   2.690   2.240   2.366   3.211   3.363   3.118   2.719   4.788   4.463   4.465   2.326   3.867   3.504   2.674   3.021   2.745   3.022   3.758   4.402   3.689   4.426   3.401   3.753   3.406   4.276   4.452   3.487   2.919   3.309   3.245   2.529   2.899   2.810   3.336   3.738   4.188   3.288   4.373   4.029   3.868   3.235   4.281   4.102   5.015   4.964   5.397   4.527   4.820   3.707   3.265   3.668   3.630   3.812   3.802   4.319   3.399   4.625   3.564   3.271   4.009   4.559   3.719   3.972   4.214   3.506   3.311   4.299   4.433   3.704   2.535   2.144   2.392   2.193   2.261   2.181   2.296   2.603   2.392   2.817   3.311   3.002   3.915   5.015   5.074
   4.854   5.053   4.608   3.937   3.749   1.954   3.304   2.991   3.620   3.368   2.865   3.368   2.847   2.717   2.445   2.377   2.281   2.552   2.421   3.092   3.598   4.352   4.531   4.535   4.180   4.400   5.239   3.980   4.050   3.270   2.926   3.084   2.982   4.014   3.242   2.679   2.355   2.645   2.193   2.318   3.169   3.300   3.072   2.674   4.630   4.340   4.294   2.272   3.857   3.462   2.626   2.961   2.695   2.974   3.701   4.349   3.627   4.356   3.329   3.696   3.357   4.202   4.351   3.440   2.869   3.261   3.202   2.483   2.854   2.763   3.288   3.698   4.143   3.244   4.319   3.983   3.822   3.173   4.222   4.045   4.944   4.889   5.305   4.439   4.735   3.666   3.221   3.625   3.581   3.764   3.720   4.264   3.355   4.586   3.519   3.226   3.965   4.508   3.662   3.900   4.163   3.452   3.258   4.247   4.377   3.658   2.489   2.098   2.346   2.147   2.214   2.134   2.249   2.557   2.345   2.771   3.263   2.959   3.866   4.931   4.993
   4.466   4.679   4.228   3.577   3.473   3.304   1.551   2.531   3.127   2.960   2.466   2.959   2.443   2.313   2.042   1.975   1.878   2.149   2.018   2.690   3.200   3.957   4.151   4.146   3.795   4.014   4.861   3.579   3.667   2.889   2.535   2.693   2.587   3.624   2.842   2.280   1.954   2.243   1.790   1.916   2.769   2.902   2.670   2.273   4.290   3.990   3.969   1.874   3.486   3.077   2.221   2.568   2.294   2.566   3.294   3.946   3.233   3.963   2.929   3.288   2.951   3.807   3.965   3.039   2.469   2.858   2.797   2.080   2.451   2.361   2.890   3.291   3.744   2.847   3.927   3.587   3.428   2.779   3.832   3.667   4.576   4.515   4.935   4.059   4.355   3.265   2.819   3.224   3.181   3.367   3.329   3.873   2.957   4.195   3.118   2.828   3.567   4.122   3.267   3.506   3.767   3.051   2.857   3.858   3.990   3.263   2.086   1.694   1.943   1.744   1.811   1.731   1.846   2.157   1.942   2.369   2.880   2.559   3.483   4.541   4.595
   4.005   4.256   3.806   3.132   3.069   2.991   2.531   1.075   2.713   2.401   1.983   2.478   1.960   1.834   1.563   1.499   1.402   1.674   1.543   2.218   2.748   3.543   3.741   3.731   3.381   3.599   4.447   3.126   3.205   2.424   2.078   2.232   2.134   3.172   2.372   1.804   1.481   1.770   1.315   1.442   2.294   2.446   2.196   1.797   3.905   3.580   3.590   1.405   3.024   2.606   1.758   2.098   1.822   2.099   2.840   3.480   2.777   3.518   2.495   2.836   2.483   3.370   3.564   2.574   1.992   2.384   2.324   1.606   1.975   1.889   2.410   2.812   3.281   2.372   3.476   3.133   2.963   2.313   3.377   3.251   4.140   4.100   4.536   3.663   3.964   2.790   2.350   2.753   2.716   2.920   2.918   3.452   2.487   3.758   2.647   2.367   3.098   3.679   2.802   3.054   3.296   2.583   2.391   3.408   3.551   2.792   1.611   1.218   1.467   1.268   1.335   1.256   1.371   1.684   1.468   1.893   2.416   2.086   3.010   4.119   4.167
   4.607   4.850   4.402   3.727   3.668   3.620   3.127   2.713   1.671   3.062   2.565   3.077   2.560   2.432   2.162   2.094   1.998   2.269   2.138   2.813   3.344   4.140   4.339   4.327   3.976   4.195   5.041   3.727   3.798   3.017   2.683   2.827   2.735   3.770   2.967   2.401   2.077   2.365   1.910   2.038   2.889   3.042   2.791   2.393   4.496   4.177   4.181   2.002   3.618   3.202   2.351   2.695   2.418   2.695   3.435   4.076   3.375   4.114   3.089   3.430   3.074   3.962   4.159   3.175   2.589   2.979   2.917   2.203   2.571   2.485   3.010   3.416   3.884   2.972   4.076   3.730   3.559   2.908   3.967   3.844   4.743   4.705   5.138   4.254   4.558   3.383   2.942   3.348   3.309   3.514   3.512   4.044   3.082   4.352   3.242   2.962   3.692   4.276   3.398   3.649   3.891   3.181   2.988   4.006   4.146   3.387   2.206   1.814   2.063   1.864   1.931   1.851   1.967   2.279   2.064   2.489   3.012   2.682   3.603   4.709   4.756
   4.349   4.592   4.144   3.471   3.415   3.368   2.960   2.401   3.062   1.418   2.218   2.735   2.258   2.167   1.907   1.832   1.741   2.017   1.885   2.558   3.087   3.879   4.077   4.067   3.716   3.934   4.783   3.473   3.544   2.767   2.430   2.575   2.481   3.516   2.712   2.148   1.824   2.112   1.657   1.785   2.636   2.788   2.540   2.139   4.247   3.919   3.926   1.749   3.364   2.948   2.101   2.439   2.165   2.441   3.180   3.820   3.115   3.853   2.831   3.180   2.825   3.701   3.894   2.905   2.333   2.726   2.666   1.950   2.318   2.228   2.749   3.152   3.618   2.709   3.818   3.471   3.303   2.655   3.720   3.590   4.484   4.438   4.873   3.989   4.295   3.130   2.687   3.093   3.054   3.255   3.251   3.789   2.829   4.099   2.988   2.708   3.441   4.021   3.140   3.391   3.639   2.928   2.734   3.750   3.890   3.134   1.953   1.562   1.810   1.611   1.678   1.599   1.714   2.027   1.811   2.237   2.758   2.429   3.352   4.462   4.497
   3.850   4.089   3.642   2.973   2.913   2.865   2.466   1.983   2.565   2.218   0.918   2.250   1.753   1.670   1.407   1.340   1.245   1.517   1.385   2.060   2.587   3.379   3.576   3.567   3.216   3.433   4.281   2.976   3.047   2.271   1.930   2.075   1.980   3.015   2.211   1.649   1.324   1.612   1.157   1.285   2.137   2.288   2.040   1.640   3.746   3.420   3.421   1.248   2.862   2.450   1.601   1.941   1.666   1.941   2.682   3.322   2.614   3.353   2.332   2.681   2.325   3.200   3.395   2.406   1.833   2.227   2.167   1.449   1.818   1.729   2.252   2.655   3.122   2.211   3.318   2.972   2.803   2.154   3.219   3.088   3.983   3.936   4.372   3.492   3.797   2.634   2.188   2.593   2.554   2.754   2.750   3.287   2.328   3.598   2.487   2.207   2.940   3.520   2.640   2.891   3.138   2.428   2.231   3.242   3.382   2.632   1.453   1.061   1.310   1.111   1.178   1.099   1.214   1.527   1.311   1.736   2.257   1.929   2.849   3.961   3.997
   4.343   4.596   4.146   3.474   3.417   3.368   2.959   2.478   3.077   2.735   2.250   1.418   2.171   2.116   1.909   1.841   1.745   2.017   1.886   2.559   3.088   3.878   4.074   4.068   3.717   3.932   4.783   3.476   3.549   2.769   2.430   2.576   2.484   3.517   2.714   2.149   1.825   2.112   1.658   1.785   2.635   2.787   2.539   2.140   4.240   3.907   3.925   1.748   3.366   2.949   2.101   2.439   2.165   2.440   3.181   3.819   3.119   3.856   2.832   3.177   2.824   3.700   3.889   2.902   2.333   2.726   2.663   1.949   2.317   2.230   2.747   3.155   3.620   2.708   3.821   3.471   3.304   2.655   3.718   3.588   4.478   4.437   4.873   3.988   4.292   3.129   2.684   3.091   3.051   3.253   3.251   3.783   2.828   4.091   2.986   2.703   3.438   4.018   3.140   3.386   3.637   2.927   2.733   3.749   3.892   3.134   1.953   1.562   1.811   1.611   1.678   1.599   1.714   2.026   1.812   2.237   2.757   2.427   3.350   4.459   4.491
   3.820   4.074   3.623   2.951   2.893   2.847   2.443   1.960   2.560   2.258   1.753   2.171   0.894   1.599   1.384   1.317   1.221   1.493   1.362   2.036   2.566   3.360   3.558   3.547   3.196   3.414   4.263   2.952   3.025   2.245   1.907   2.052   1.960   2.994   2.189   1.625   1.301   1.589   1.134   1.261   2.112   2.265   2.017   1.617   3.727   3.387   3.407   1.226   2.842   2.427   1.577   1.917   1.642   1.917   2.658   3.295   2.593   3.333   2.312   2.658   2.302   3.178   3.368   2.373   1.808   2.204   2.141   1.426   1.794   1.705   2.219   2.628   3.093   2.184   3.298   2.946   2.782   2.133   3.197   3.069   3.963   3.918   4.356   3.473   3.780   2.611   2.167   2.573   2.534   2.735   2.732   3.268   2.306   3.575   2.464   2.183   2.917   3.497   2.618   2.870   3.116   2.406   2.212   3.228   3.369   2.611   1.430   1.038   1.287   1.087   1.155   1.075   1.190   1.504   1.288   1.713   2.236   1.906   2.832   3.941   3.969
   3.685   3.944   3.494   2.822   2.764   2.717   2.313   1.834   2.432   2.167   1.670   2.116   1.599   0.764   1.240   1.187   1.092   1.364   1.233   1.907   2.434   3.230   3.427   3.417   3.065   3.282   4.134   2.823   2.897   2.117   1.778   1.923   1.830   2.863   2.062   1.496   1.171   1.459   1.005   1.132   1.982   2.135   1.886   1.488   3.596   3.277   3.282   1.096   2.713   2.296   1.448   1.789   1.513   1.790   2.530   3.173   2.471   3.211   2.185   2.527   2.171   3.058   3.258   2.273   1.685   2.074   2.013   1.297   1.665   1.579   2.107   2.513   2.982   2.066   3.170   2.823   2.650   2.002   3.067   2.940   3.837   3.800   4.238   3.352   3.663   2.484   2.039   2.443   2.405   2.610   2.608   3.142   2.177   3.447   2.337   2.055   2.787   3.367   2.492   2.742   2.986   2.275   2.081   3.096   3.239   2.481   1.300   0.908   1.157   0.958   1.025   0.946   1.061   1.374   1.158   1.583   2.106   1.776   2.703   3.814   3.862
   3.426   3.674   3.225   2.551   2.491   2.445   2.042   1.563   2.162   1.907   1.407   1.909   1.384   1.240   0.492   0.908   0.809   1.090   0.959   1.635   2.166   2.963   3.160   3.149   2.798   3.017   3.865   2.552   2.625   1.844   1.505   1.651   1.558   2.593   1.790   1.223   0.899   1.187   0.732   0.859   1.711   1.864   1.615   1.215   3.328   3.008   3.011   0.823   2.441   2.024   1.176   1.517   1.240   1.518   2.260   2.902   2.199   2.939   1.915   2.257   1.900   2.788   2.989   2.002   1.413   1.802   1.741   1.024   1.393   1.307   1.834   2.241   2.711   1.797   2.899   2.553   2.381   1.731   2.796   2.671   3.568   3.531   3.969   3.083   3.395   2.213   1.768   2.172   2.134   2.339   2.338   2.872   1.904   3.175   2.065   1.784   2.516   3.097   2.220   2.473   2.714   2.003   1.809   2.826   2.969   2.210   1.028   0.635   0.885   0.685   0.752   0.673   0.788   1.101   0.885   1.311   1.832   1.502   2.428   3.542   3.592
   3.360   3.605   3.156   2.482   2.424   2.377   1.975   1.499   2.094   1.832   1.340   1.841   1.317   1.187   0.908   0.424   0.730   1.019   0.892   1.567   2.096   2.891   3.091   3.079   2.728   2.947   3.795   2.482   2.556   1.777   1.437   1.583   1.490   2.524   1.722   1.156   0.831   1.119   0.664   0.791   1.644   1.796   1.547   1.148   3.259   2.940   2.943   0.755   2.374   1.956   1.108   1.450   1.173   1.450   2.192   2.834   2.131   2.871   1.848   2.189   1.833   2.719   2.918   1.932   1.345   1.735   1.674   0.956   1.325   1.239   1.766   2.173   2.642   1.729   2.830   2.484   2.313   1.663   2.728   2.599   3.498   3.461   3.898   3.013   3.325   2.144   1.699   2.103   2.066   2.269   2.268   2.801   1.836   3.106   1.996   1.714   2.448   3.028   2.152   2.405   2.647   1.936   1.742   2.761   2.902   2.143   0.960   0.568   0.817   0.617   0.685   0.606   0.720   1.034   0.818   1.243   1.768   1.436   2.363   3.475   3.524
   3.263   3.511   3.061   2.386   2.327   2.281   1.878   1.402   1.998   1.741   1.245   1.745   1.221   1.092   0.809   0.730   0.328   0.917   0.795   1.471   2.001   2.799   2.997   2.985   2.634   2.853   3.702   2.388   2.461   1.681   1.340   1.487   1.394   2.428   1.626   1.060   0.735   1.023   0.568   0.695   1.548   1.700   1.451   1.052   3.163   2.844   2.847   0.659   2.278   1.860   1.011   1.353   1.076   1.353   2.095   2.738   2.036   2.775   1.751   2.093   1.737   2.625   2.825   1.838   1.249   1.638   1.578   0.860   1.229   1.143   1.670   2.078   2.547   1.632   2.735   2.389   2.218   1.567   2.633   2.506   3.403   3.367   3.805   2.917   3.230   2.048   1.604   2.007   1.970   2.176   2.173   2.707   1.739   3.012   1.901   1.620   2.352   2.934   2.057   2.309   2.550   1.840   1.646   2.665   2.807   2.046   0.864   0.472   0.720   0.521   0.588   0.509   0.624   0.937   0.721   1.147   1.668   1.339   2.263   3.377   3.427
   3.531   3.775   3.325   2.657   2.599   2.552   2.149   1.674   2.269   2.017   1.517   2.017   1.493   1.364   1.090   1.019   0.917   0.599   1.040   1.703   2.273   3.066   3.259   3.252   2.900   3.115   3.966   2.654   2.731   1.953   1.613   1.759   1.665   2.700   1.897   1.331   1.006   1.294   0.839   0.966   1.819   1.972   1.722   1.322   3.434   3.114   3.116   0.931   2.550   2.132   1.282   1.625   1.347   1.624   2.367   3.009   2.306   3.046   2.023   2.364   2.008   2.895   3.095   2.107   1.519   1.908   1.848   1.131   1.500   1.415   1.940   2.347   2.817   1.902   3.005   2.659   2.489   1.838   2.895   2.768   3.670   3.632   4.069   3.185   3.494   2.317   1.872   2.277   2.239   2.443   2.442   2.969   2.008   3.276   2.171   1.889   2.619   3.200   2.326   2.580   2.820   2.111   1.917   2.934   3.077   2.316   1.135   0.743   0.992   0.792   0.860   0.780   0.895   1.208   0.993   1.418   1.939   1.608   2.532   3.648   3.697
   3.396   3.636   3.188   2.525   2.467   2.421   2.018   1.543   2.138   1.885   1.385   1.886   1.362   1.233   0.959   0.892   0.795   1.040   0.468   1.562   2.140   2.924   3.115   3.114   2.761   2.980   3.829   2.528   2.597   1.820   1.481   1.627   1.534   2.569   1.766   1.200   0.875   1.163   0.708   0.835   1.688   1.840   1.590   1.191   3.301   2.982   2.985   0.800   2.416   2.000   1.152   1.494   1.216   1.494   2.236   2.877   2.174   2.913   1.891   2.233   1.876   2.764   2.963   1.974   1.388   1.778   1.717   1.000   1.369   1.283   1.808   2.214   2.683   1.769   2.872   2.526   2.356   1.707   2.765   2.635   3.538   3.499   3.935   3.052   3.360   2.184   1.742   2.146   2.109   2.310   2.308   2.838   1.878   3.142   2.039   1.757   2.490   3.067   2.196   2.449   2.690   1.980   1.785   2.802   2.943   2.185   1.004   0.612   0.861   0.661   0.729   0.649   0.764   1.076   0.862   1.287   1.805   1.476   2.398   3.515   3.564
   4.050   4.270   3.820   3.186   3.136   3.092   2.690   2.218   2.813   2.558   2.060   2.559   2.036   1.907   1.635   1.567   1.471   1.703   1.562   1.143   2.730   3.508   3.725   3.731   3.371   3.599   4.456   3.185   3.265   2.486   2.155   2.301   2.207   3.241   2.439   1.874   1.549   1.838   1.383   1.509   2.361   2.509   2.263   1.865   3.960   3.641   3.646   1.473   3.089   2.674   1.825   2.166   1.889   2.164   2.904   3.546   2.839   3.574   2.554   2.898   2.550   3.428   3.610   2.630   2.060   2.452   2.390   1.674   2.043   1.956   2.480   2.879   3.342   2.435   3.525   3.182   3.018   2.380   3.429   3.268   4.189   4.137   4.569   3.693   3.994   2.855   2.414   2.817   2.779   2.968   2.954   3.483   2.548   3.793   2.710   2.423   3.158   3.725   2.867   3.121   3.361   2.650   2.456   3.460   3.599   2.855   1.678   1.287   1.535   1.336   1.403   1.324   1.439   1.750   1.536   1.962   2.473   2.150   3.069   4.171   4.217
   4.471   4.593   4.140   3.663   3.643   3.598   3.200   2.748   3.344   3.087   2.587   3.088   2.566   2.434   2.166   2.096   2.001   2.273   2.140   2.730   1.675   3.723   3.930   3.974   3.619   3.799   4.727   3.628   3.757   2.986   2.680   2.823   2.727   3.756   2.967   2.404   2.075   2.368   1.912   2.039   2.892   3.011   2.788   2.389   4.419   4.104   4.104   1.998   3.606   3.190   2.351   2.682   2.407   2.677   3.403   4.050   3.334   4.051   3.022   3.378   3.076   3.893   4.009   3.087   2.583   2.978   2.913   2.199   2.573   2.481   2.992   3.375   3.797   2.923   3.960   3.615   3.487   2.903   3.910   3.599   4.603   4.502   4.909   4.065   4.330   3.355   2.936   3.332   3.285   3.426   3.359   3.870   3.052   4.209   3.232   2.922   3.662   4.164   3.372   3.632   3.881   3.171   2.969   3.912   4.043   3.364   2.208   1.818   2.064   1.867   1.935   1.856   1.969   2.267   2.063   2.491   2.960   2.668   3.550   4.566   4.636
   5.095   4.940   4.466   4.355   4.394   4.352   3.957   3.543   4.140   3.879   3.379   3.878   3.360   3.230   2.963   2.891   2.799   3.066   2.924   3.508   3.723   2.473   3.885   4.158   3.829   4.076   5.021   4.263   4.458   3.729   3.456   3.608   3.496   4.518   3.755   3.197   2.862   3.163   2.707   2.833   3.684   3.755   3.574   3.173   5.088   4.777   4.768   2.784   4.375   3.973   3.150   3.448   3.184   3.453   4.158   4.801   4.067   4.753   3.709   4.084   3.847   4.578   4.571   3.761   3.371   3.772   3.688   2.989   3.367   3.265   3.758   4.118   4.481   3.650   4.578   4.238   4.179   3.689   4.597   3.967   5.197   4.960   5.350   4.597   4.755   4.113   3.696   4.103   4.042   4.053   3.946   4.394   3.787   4.747   4.004   3.649   4.391   4.766   4.128   4.378   4.663   3.955   3.730   4.554   4.649   4.116   3.001   2.615   2.856   2.664   2.733   2.653   2.762   3.050   2.852   3.288   3.730   3.458   4.339   5.188   5.287
   5.251   5.044   4.586   4.554   4.574   4.531   4.151   3.741   4.339   4.077   3.576   4.074   3.558   3.427   3.160   3.091   2.997   3.259   3.115   3.725   3.930   3.885   2.672   4.106   3.907   4.209   5.142   4.474   4.670   3.929   3.655   3.805   3.692   4.713   3.946   3.393   3.059   3.363   2.905   3.032   3.881   3.952   3.772   3.370   5.269   4.958   4.926   2.981   4.549   4.158   3.350   3.642   3.379   3.650   4.359   4.998   4.261   4.946   3.897   4.275   4.030   4.749   4.749   3.948   3.558   3.956   3.863   3.183   3.558   3.461   3.935   4.314   4.664   3.825   4.762   4.406   4.373   3.886   4.723   4.055   5.295   5.043   5.425   4.737   4.847   4.249   3.856   4.282   4.213   4.199   4.099   4.517   3.959   4.864   4.193   3.816   4.541   4.906   4.298   4.572   4.840   4.145   3.929   4.724   4.817   4.302   3.200   2.814   3.055   2.863   2.931   2.852   2.960   3.235   3.049   3.484   3.865   3.630   4.457   5.311   5.449
   5.305   5.172   4.701   4.562   4.583   4.535   4.146   3.731   4.327   4.067   3.567   4.068   3.547   3.417   3.149   3.079   2.985   3.252   3.114   3.731   3.974   4.158   4.106   2.659   3.829   4.261   5.235   4.485   4.671   3.926   3.645   3.796   3.682   4.708   3.941   3.383   3.050   3.350   2.893   3.020   3.870   3.944   3.762   3.360   5.286   4.977   4.966   2.973   4.560   4.163   3.337   3.644   3.372   3.642   4.353   4.992   4.257   4.945   3.910   4.292   4.043   4.786   4.788   3.958   3.556   3.959   3.883   3.177   3.554   3.451   3.946   4.310   4.674   3.846   4.776   4.431   4.376   3.880   4.788   4.178   5.378   5.135   5.528   4.789   4.945   4.291   3.884   4.286   4.233   4.239   4.135   4.605   3.995   4.971   4.191   3.841   4.589   4.990   4.321   4.580   4.844   4.143   3.925   4.752   4.845   4.306   3.189   2.802   3.043   2.850   2.919   2.840   2.951   3.236   3.040   3.476   3.895   3.632   4.504   5.379   5.484
   4.949   4.838   4.367   4.207   4.230   4.180   3.795   3.381   3.976   3.716   3.216   3.717   3.196   3.065   2.798   2.728   2.634   2.900   2.761   3.371   3.619   3.829   3.907   3.829   2.309   3.787   4.860   4.135   4.316   3.571   3.294   3.443   3.330   4.351   3.592   3.033   2.698   2.999   2.542   2.669   3.521   3.592   3.412   3.008   4.922   4.619   4.600   2.619   4.202   3.804   2.985   3.287   3.018   3.291   3.999   4.638   3.908   4.593   3.545   3.928   3.689   4.420   4.422   3.604   3.205   3.605   3.529   2.824   3.202   3.102   3.591   3.956   4.312   3.480   4.417   4.078   4.021   3.525   4.430   3.843   5.006   4.787   5.186   4.407   4.579   3.939   3.540   3.939   3.878   3.907   3.785   4.253   3.642   4.618   3.841   3.493   4.234   4.645   3.963   4.216   4.493   3.789   3.571   4.413   4.503   3.954   2.838   2.452   2.693   2.499   2.568   2.489   2.601   2.882   2.690   3.123   3.545   3.288   4.144   5.001   5.121
   5.120   5.039   4.572   4.427   4.452   4.400   4.014   3.599   4.195   3.934   3.433   3.932   3.414   3.282   3.017   2.947   2.853   3.115   2.980   3.599   3.799   4.076   4.209   4.261   3.787   2.527   4.927   4.354   4.528   3.789   3.512   3.662   3.552   4.573   3.808   3.252   2.915   3.218   2.761   2.888   3.738   3.813   3.631   3.228   5.151   4.843   4.814   2.838   4.421   4.022   3.205   3.506   3.241   3.513   4.223   4.864   4.128   4.821   3.767   4.150   3.896   4.634   4.664   3.835   3.421   3.819   3.742   3.043   3.419   3.320   3.805   4.179   4.545   3.697   4.655   4.303   4.250   3.739   4.630   4.059   5.221   5.011   5.403   4.671   4.835   4.140   3.714   4.134   4.081   4.096   4.003   4.436   3.825   4.821   4.058   3.704   4.440   4.834   4.171   4.437   4.706   4.003   3.789   4.641   4.737   4.174   3.056   2.670   2.911   2.718   2.786   2.707   2.815   3.094   2.906   3.340   3.761   3.506   4.348   5.217   5.344
   5.876   5.626   5.193   5.262   5.285   5.239   4.861   4.447   5.041   4.783   4.281   4.783   4.263   4.134   3.865   3.795   3.702   3.966   3.829   4.456   4.727   5.021   5.142   5.235   4.860   4.927   3.376   5.017   5.223   4.623   4.366   4.517   4.389   5.426   4.649   4.100   3.768   4.067   3.609   3.737   4.585   4.674   4.478   4.078   6.007   5.692   5.659   3.693   5.269   4.885   4.050   4.370   4.077   4.350   5.074   5.711   4.964   5.657   4.644   5.022   4.733   5.481   5.503   4.679   4.266   4.660   4.568   3.886   4.263   4.165   4.669   5.033   5.399   4.564   5.508   5.166   5.113   4.594   5.379   4.666   5.914   5.722   6.119   5.475   5.611   4.945   4.508   4.946   4.890   4.845   4.781   5.104   4.597   5.490   4.898   4.496   5.227   5.536   5.030   5.303   5.546   4.844   4.631   5.416   5.516   5.006   3.905   3.519   3.760   3.567   3.636   3.557   3.666   3.954   3.759   4.189   4.587   4.352   5.190   6.129   6.205
   4.900   4.997   4.571   4.027   3.995   3.980   3.579   3.126   3.727   3.473   2.976   3.476   2.952   2.823   2.552   2.482   2.388   2.654   2.528   3.185   3.628   4.263   4.474   4.485   4.135   4.354   5.017   2.062   3.892   3.340   3.061   3.212   3.113   4.141   3.351   2.790   2.464   2.755   2.301   2.427   3.271   3.399   3.177   2.776   4.825   4.514   4.512   2.388   3.994   3.575   2.743   3.076   2.795   3.071   3.809   4.446   3.735   4.468   3.443   3.789   3.458   4.304   4.458   3.512   2.976   3.368   3.300   2.589   2.960   2.872   3.386   3.789   4.225   3.335   4.384   4.037   3.898   3.293   4.302   4.032   5.002   4.928   5.359   4.530   4.785   3.754   3.303   3.716   3.679   3.813   3.794   4.284   3.436   4.611   3.618   3.310   4.046   4.560   3.769   4.022   4.272   3.563   3.356   4.309   4.439   3.749   2.596   2.205   2.451   2.255   2.322   2.242   2.357   2.665   2.452   2.879   3.371   3.059   3.958   5.006   5.073
   5.023   5.165   4.744   4.158   4.075   4.050   3.667   3.205   3.798   3.544   3.047   3.549   3.025   2.897   2.625   2.556   2.461   2.731   2.597   3.265   3.757   4.458   4.670   4.671   4.316   4.528   5.223   3.892   2.134   3.318   3.098   3.285   3.178   4.215   3.425   2.863   2.538   2.827   2.373   2.499   3.346   3.489   3.244   2.843   4.915   4.608   4.606   2.462   4.067   3.660   2.816   3.152   2.874   3.154   3.891   4.531   3.823   4.554   3.528   3.883   3.534   4.398   4.575   3.609   3.045   3.441   3.373   2.664   3.033   2.943   3.470   3.859   4.307   3.408   4.486   4.146   3.992   3.367   4.386   4.216   5.140   5.080   5.514   4.661   4.939   3.828   3.389   3.798   3.761   3.923   3.930   4.435   3.529   4.755   3.700   3.404   4.141   4.698   3.852   4.103   4.352   3.641   3.441   4.432   4.567   3.834   2.668   2.278   2.525   2.327   2.394   2.315   2.429   2.737   2.525   2.951   3.461   3.141   4.057   5.141   5.188
   4.261   4.462   4.020   3.398   3.335   3.270   2.889   2.424   3.017   2.767   2.271   2.769   2.245   2.117   1.844   1.777   1.681   1.953   1.820   2.486   2.986   3.729   3.929   3.926   3.571   3.789   4.623   3.340   3.318   1.355   2.181   2.412   2.396   3.438   2.647   2.074   1.757   2.045   1.593   1.720   2.568   2.714   2.462   2.059   4.131   3.836   3.839   1.682   3.297   2.880   2.035   2.374   2.096   2.376   3.114   3.755   3.048   3.776   2.751   3.096   2.756   3.632   3.815   2.840   2.267   2.658   2.595   1.884   2.254   2.168   2.693   3.090   3.550   2.645   3.719   3.380   3.222   2.583   3.619   3.466   4.381   4.332   4.764   3.902   4.200   3.049   2.607   3.021   2.979   3.161   3.173   3.678   2.756   3.997   2.922   2.636   3.364   3.934   3.066   3.327   3.573   2.862   2.667   3.671   3.806   3.062   1.889   1.498   1.746   1.547   1.615   1.535   1.650   1.961   1.746   2.173   2.689   2.364   3.283   4.363   4.419
   3.942   4.182   3.729   3.065   2.994   2.926   2.535   2.078   2.683   2.430   1.930   2.430   1.907   1.778   1.505   1.437   1.340   1.613   1.481   2.155   2.680   3.456   3.655   3.645   3.294   3.512   4.366   3.061   3.098   2.181   1.014   2.128   1.999   3.069   2.309   1.742   1.417   1.702   1.253   1.380   2.231   2.376   2.133   1.732   3.777   3.471   3.466   1.338   2.958   2.542   1.696   2.033   1.761   2.038   2.775   3.418   2.714   3.451   2.421   2.769   2.421   3.300   3.480   2.513   1.933   2.322   2.261   1.543   1.913   1.828   2.348   2.752   3.215   2.312   3.394   3.062   2.892   2.242   3.302   3.162   4.050   4.009   4.434   3.584   3.884   2.727   2.287   2.687   2.652   2.856   2.843   3.379   2.421   3.679   2.582   2.300   3.033   3.608   2.735   2.984   3.233   2.520   2.330   3.347   3.486   2.730   1.549   1.157   1.406   1.207   1.274   1.195   1.309   1.623   1.407   1.833   2.352   2.025   2.949   4.050   4.100
   4.091   4.329   3.881   3.209   3.150   3.084   2.693   2.232   2.827   2.575   2.075   2.576   2.052   1.923   1.651   1.583   1.487   1.759   1.627   2.301   2.823   3.608   3.805   3.796   3.443   3.662   4.517   3.212   3.285   2.412   2.128   1.159   2.173   3.185   2.446   1.885   1.561   1.846   1.399   1.526   2.375   2.522   2.276   1.876   3.951   3.645   3.634   1.487   3.106   2.686   1.842   2.166   1.906   2.179   2.917   3.563   2.850   3.587   2.558   2.909   2.565   3.437   3.622   2.661   2.077   2.465   2.405   1.691   2.060   1.974   2.497   2.904   3.370   2.457   3.554   3.211   3.041   2.390   3.442   3.319   4.204   4.160   4.591   3.713   4.014   2.869   2.415   2.827   2.786   2.986   2.982   3.505   2.566   3.827   2.729   2.447   3.170   3.755   2.871   3.126   3.378   2.670   2.475   3.492   3.630   2.873   1.695   1.303   1.552   1.352   1.420   1.340   1.455   1.768   1.552   1.978   2.502   2.170   3.094   4.175   4.234
   3.977   4.200   3.759   3.109   3.059   2.982   2.587   2.134   2.735   2.481   1.980   2.484   1.960   1.830   1.558   1.490   1.394   1.665   1.534   2.207   2.727   3.496   3.692   3.682   3.330   3.552   4.389   3.113   3.178   2.396   1.999   2.173   1.066   2.877   2.283   1.788   1.467   1.753   1.304   1.432   2.280   2.409   2.180   1.779   3.828   3.528   3.512   1.392   3.011   2.594   1.748   2.074   1.811   2.081   2.813   3.470   2.759   3.491   2.469   2.823   2.470   3.333   3.514   2.567   1.980   2.374   2.313   1.597   1.967   1.877   2.404   2.812   3.266   2.364   3.450   3.111   2.946   2.297   3.357   3.199   4.094   4.042   4.467   3.610   3.897   2.780   2.338   2.736   2.699   2.893   2.883   3.412   2.472   3.725   2.637   2.352   3.082   3.653   2.784   3.031   3.286   2.574   2.381   3.397   3.535   2.782   1.601   1.210   1.459   1.259   1.327   1.247   1.362   1.673   1.457   1.885   2.404   2.078   2.996   4.084   4.143
   5.012   5.241   4.796   4.139   4.090   4.014   3.624   3.172   3.770   3.516   3.015   3.517   2.994   2.863   2.593   2.524   2.428   2.700   2.569   3.241   3.756   4.518   4.713   4.708   4.351   4.573   5.426   4.141   4.215   3.438   3.069   3.185   2.877   2.101   3.312   2.807   2.489   2.778   2.337   2.465   3.315   3.452   3.216   2.818   4.849   4.543   4.531   2.423   4.043   3.624   2.783   3.097   2.845   3.102   3.835   4.499   3.776   4.508   3.476   3.843   3.508   4.357   4.516   3.592   3.017   3.407   3.347   2.632   3.001   2.911   3.433   3.841   4.288   3.388   4.478   4.139   3.976   3.327   4.390   4.230   5.107   5.045   5.475   4.606   4.892   3.810   3.363   3.767   3.725   3.926   3.901   4.427   3.506   4.752   3.668   3.385   4.109   4.687   3.809   4.051   4.315   3.606   3.415   4.427   4.565   3.813   2.636   2.245   2.494   2.294   2.361   2.281   2.397   2.708   2.491   2.919   3.434   3.110   4.027   5.091   5.146
   4.219   4.456   4.003   3.347   3.294   3.242   2.842   2.372   2.967   2.712   2.211   2.714   2.189   2.062   1.790   1.722   1.626   1.897   1.766   2.439   2.967   3.755   3.946   3.941   3.592   3.808   4.649   3.351   3.425   2.647   2.309   2.446   2.283   3.312   1.298   1.985   1.693   1.985   1.538   1.665   2.510   2.664   2.415   2.019   4.119   3.791   3.794   1.628   3.245   2.829   1.981   2.319   2.043   2.319   3.061   3.704   2.995   3.733   2.717   3.061   2.696   3.580   3.775   2.789   2.213   2.605   2.546   1.828   2.198   2.111   2.634   3.042   3.504   2.599   3.692   3.350   3.184   2.535   3.587   3.443   4.335   4.298   4.735   3.865   4.169   3.010   2.566   2.972   2.934   3.126   3.125   3.654   2.706   3.958   2.868   2.579   3.314   3.887   3.020   3.277   3.520   2.809   2.613   3.632   3.772   3.015   1.833   1.442   1.691   1.491   1.558   1.479   1.594   1.907   1.691   2.117   2.631   2.308   3.235   4.345   4.387
   3.665   3.906   3.459   2.789   2.728   2.679   2.280   1.804   2.401   2.148   1.649   2.149   1.625   1.496   1.223   1.156   1.060   1.331   1.200   1.874   2.404   3.197   3.393   3.383   3.033   3.252   4.100   2.790   2.863   2.074   1.742   1.885   1.788   2.807   1.985   0.732   1.128   1.395   0.971   1.098   1.950   2.103   1.847   1.449   3.557   3.239   3.242   1.062   2.681   2.263   1.415   1.753   1.478   1.756   2.498   3.140   2.435   3.171   2.146   2.488   2.134   3.020   3.215   2.232   1.650   2.038   1.978   1.264   1.632   1.547   2.069   2.479   2.946   2.034   3.132   2.786   2.619   1.970   3.026   2.900   3.797   3.760   4.197   3.314   3.619   2.448   2.000   2.408   2.369   2.571   2.572   3.099   2.141   3.406   2.304   2.023   2.745   3.331   2.453   2.708   2.953   2.243   2.049   3.068   3.208   2.448   1.267   0.875   1.124   0.925   0.992   0.913   1.028   1.341   1.125   1.550   2.072   1.742   2.666   3.768   3.821
   3.340   3.582   3.130   2.461   2.406   2.355   1.954   1.481   2.077   1.824   1.324   1.825   1.301   1.171   0.899   0.831   0.735   1.006   0.875   1.549   2.075   2.862   3.059   3.050   2.698   2.915   3.768   2.464   2.538   1.757   1.417   1.561   1.467   2.489   1.693   1.128   0.407   1.081   0.646   0.774   1.626   1.777   1.529   1.129   3.230   2.914   2.910   0.737   2.356   1.938   1.091   1.425   1.155   1.428   2.168   2.813   2.108   2.844   1.814   2.159   1.811   2.687   2.879   1.910   1.326   1.716   1.655   0.938   1.308   1.222   1.747   2.153   2.618   1.706   2.807   2.463   2.295   1.643   2.706   2.572   3.471   3.430   3.864   2.979   3.286   2.124   1.677   2.082   2.043   2.248   2.239   2.773   1.816   3.084   1.979   1.698   2.426   3.008   2.127   2.378   2.628   1.918   1.723   2.741   2.881   2.125   0.942   0.550   0.799   0.600   0.667   0.588   0.703   1.015   0.800   1.226   1.747   1.417   2.343   3.437   3.492
   3.632   3.878   3.427   2.751   2.690   2.645   2.243   1.770   2.365   2.112   1.612   2.112   1.589   1.459   1.187   1.119   1.023   1.294   1.163   1.838   2.368   3.163   3.363   3.350   2.999   3.218   4.067   2.755   2.827   2.045   1.702   1.846   1.753   2.778   1.985   1.395   1.081   0.695   0.929   1.054   1.902   2.062   1.815   1.417   3.520   3.204   3.210   1.026   2.645   2.227   1.378   1.715   1.443   1.720   2.461   3.104   2.401   3.139   2.113   2.457   2.103   2.989   3.184   2.201   1.615   2.005   1.944   1.227   1.596   1.510   2.035   2.442   2.910   1.998   3.099   2.755   2.584   1.932   2.998   2.871   3.768   3.728   4.165   3.282   3.591   2.415   1.969   2.373   2.335   2.540   2.538   3.072   2.107   3.377   2.267   1.987   2.718   3.300   2.421   2.671   2.916   2.207   2.013   3.032   3.173   2.414   1.231   0.838   1.088   0.888   0.955   0.876   0.991   1.305   1.088   1.514   2.038   1.706   2.632   3.743   3.793
   3.176   3.419   2.968   2.297   2.240   2.193   1.790   1.315   1.910   1.657   1.157   1.658   1.134   1.005   0.732   0.664   0.568   0.839   0.708   1.383   1.912   2.707   2.905   2.893   2.542   2.761   3.609   2.301   2.373   1.593   1.253   1.399   1.304   2.337   1.538   0.971   0.646   0.929   0.240   0.588   1.445   1.608   1.360   0.957   3.071   2.754   2.758   0.571   2.189   1.773   0.924   1.265   0.987   1.263   2.006   2.648   1.944   2.683   1.660   2.002   1.648   2.535   2.731   1.745   1.159   1.550   1.489   0.771   1.140   1.055   1.581   1.985   2.453   1.540   2.643   2.299   2.129   1.479   2.542   2.413   3.312   3.271   3.707   2.825   3.135   1.960   1.515   1.918   1.882   2.082   2.080   2.615   1.651   2.921   1.813   1.532   2.263   2.844   1.968   2.221   2.463   1.752   1.557   2.576   2.717   1.959   0.775   0.383   0.633   0.433   0.500   0.421   0.536   0.849   0.633   1.059   1.583   1.252   2.179   3.290   3.336
   3.303   3.547   3.096   2.424   2.366   2.318   1.916   1.442   2.038   1.785   1.285   1.785   1.261   1.132   0.859   0.791   0.695   0.966   0.835   1.509   2.039   2.833   3.032   3.020   2.669   2.888   3.737   2.427   2.499   1.720   1.380   1.526   1.432   2.465   1.665   1.098   0.774   1.054   0.588   0.367   1.559   1.733   1.488   1.084   3.189   2.879   2.880   0.697   2.316   1.900   1.050   1.392   1.114   1.391   2.132   2.775   2.071   2.809   1.785   2.127   1.775   2.661   2.858   1.873   1.287   1.677   1.615   0.899   1.267   1.182   1.709   2.114   2.582   1.669   2.771   2.425   2.256   1.605   2.669   2.542   3.441   3.401   3.837   2.953   3.263   2.088   1.643   2.046   2.009   2.213   2.208   2.743   1.779   3.049   1.940   1.659   2.391   2.971   2.095   2.347   2.589   1.878   1.684   2.702   2.843   2.086   0.903   0.511   0.760   0.560   0.627   0.548   0.663   0.976   0.760   1.186   1.710   1.379   2.305   3.415   3.463
   4.150   4.398   3.948   3.271   3.211   3.169   2.769   2.294   2.889   2.636   2.137   2.635   2.112   1.982   1.711   1.644   1.548   1.819   1.688   2.361   2.892   3.684   3.881   3.870   3.521   3.738   4.585   3.271   3.346   2.568   2.231   2.375   2.280   3.315   2.510   1.950   1.626   1.902   1.445   1.559   1.220   2.540   2.310   1.914   3.939   3.729   3.706   1.549   3.165   2.750   1.903   2.243   1.968   2.244   2.983   3.627   2.922   3.656   2.627   2.972   2.625   3.506   3.702   2.723   2.137   2.527   2.468   1.751   2.118   2.035   2.559   2.964   3.432   2.519   3.620   3.272   3.107   2.457   3.512   3.385   4.272   4.227   4.659   3.794   4.104   2.925   2.480   2.879   2.849   3.052   3.056   3.584   2.624   3.898   2.790   2.509   3.239   3.820   2.939   3.194   3.439   2.729   2.537   3.555   3.695   2.937   1.755   1.363   1.612   1.413   1.480   1.401   1.515   1.829   1.613   2.038   2.561   2.231   3.154   4.259   4.310
